name: bowtiesam
channels:
  - bioconda
  - conda-forge
dependencies:
  - _libgcc_mutex=0.1=conda_forge
  - _openmp_mutex=4.5=2_gnu
  - blast=2.16.0=h66d330f_5
  - bowtie=1.3.1=py312hf8dbd9f_10
  - bowtie2=2.5.4=he96a11b_6
  - bwa=0.7.19=h577a1d6_1
  - bzip2=1.0.8=h4bc722e_7
  - c-ares=1.34.5=hb9d3cd8_0
  - ca-certificates=2025.7.9=hbd8a1cb_0
  - coverm=0.7.0=hb4818e0_2
  - curl=8.14.1=h332b0f4_0
  - dashing=1.0=h5b0a936_3
  - entrez-direct=22.4=he881be0_0
  - fastani=1.34=hb66fcc3_6
  - gsl=2.7=he838d99_0
  - htslib=1.22=h566b1c6_0
  - icu=75.1=he02047a_0
  - isa-l=2.31.1=hb9d3cd8_1
  - k8=1.2=he8db53b_6
  - kernel-headers_linux-64=3.10.0=he073ed8_18
  - keyutils=1.6.1=h166bdaf_0
  - krb5=1.21.3=h659f571_0
  - ld_impl_linux-64=2.44=h1423503_1
  - libasprintf=0.25.1=h3f43e3d_1
  - libblas=3.9.0=32_h59b9bed_openblas
  - libcblas=3.9.0=32_he106b2a_openblas
  - libcurl=8.14.1=h332b0f4_0
  - libdeflate=1.24=h86f0d12_0
  - libedit=3.1.20250104=pl5321h7949ede_0
  - libev=4.33=hd590300_2
  - libexpat=2.7.0=h5888daf_0
  - libffi=3.4.6=h2dba641_1
  - libgcc=15.1.0=h767d61c_3
  - libgcc-ng=15.1.0=h69a702a_3
  - libgettextpo=0.25.1=h3f43e3d_1
  - libgfortran=15.1.0=h69a702a_3
  - libgfortran5=15.1.0=hcea5267_3
  - libgomp=15.1.0=h767d61c_3
  - libhwloc=2.11.2=default_h0d58e46_1001
  - libiconv=1.18=h4ce23a2_1
  - libidn2=2.3.8=ha4ef2c3_0
  - liblzma=5.8.1=hb9d3cd8_2
  - libnghttp2=1.64.0=h161d5f1_0
  - libnsl=2.0.1=hb9d3cd8_1
  - libopenblas=0.3.30=pthreads_h94d23a6_0
  - libsqlite=3.50.2=hee844dc_2
  - libssh2=1.11.1=hcf80075_0
  - libstdcxx=15.1.0=h8f9b012_3
  - libstdcxx-ng=15.1.0=h4852527_3
  - libunistring=0.9.10=h7f98852_0
  - libuuid=2.38.1=h0b41bf4_0
  - libxcrypt=4.4.36=hd590300_1
  - libxml2=2.13.8=h4bc477f_0
  - libzlib=1.3.1=hb9d3cd8_2
  - minimap2=2.30=h577a1d6_0
  - ncbi-vdb=3.2.1=h9948957_0
  - ncurses=6.5=h2d0b736_3
  - openblas=0.3.30=pthreads_h6ec200e_0
  - openssl=3.5.1=h7b32b05_0
  - perl=5.32.1=7_hd590300_perl5
  - perl-archive-tar=3.04=pl5321hdfd78af_0
  - perl-carp=1.50=pl5321hd8ed1ab_0
  - perl-common-sense=3.75=pl5321hd8ed1ab_0
  - perl-compress-raw-bzip2=2.201=pl5321hbf60520_1
  - perl-compress-raw-zlib=2.202=pl5321hadc24fc_0
  - perl-encode=3.21=pl5321hb9d3cd8_1
  - perl-exporter=5.74=pl5321hd8ed1ab_0
  - perl-exporter-tiny=1.002002=pl5321hd8ed1ab_0
  - perl-extutils-makemaker=7.70=pl5321hd8ed1ab_0
  - perl-io-compress=2.201=pl5321h503566f_5
  - perl-io-zlib=1.15=pl5321hdfd78af_1
  - perl-json=4.10=pl5321hdfd78af_1
  - perl-json-xs=4.03=pl5321h9948957_4
  - perl-list-moreutils=0.430=pl5321hdfd78af_0
  - perl-list-moreutils-xs=0.430=pl5321h7b50bb2_5
  - perl-parent=0.243=pl5321hd8ed1ab_0
  - perl-pathtools=3.75=pl5321hb9d3cd8_2
  - perl-scalar-list-utils=1.70=pl5321hb03c661_0
  - perl-storable=3.15=pl5321hb9d3cd8_2
  - perl-types-serialiser=1.01=pl5321hdfd78af_0
  - pip=25.1.1=pyh8b19718_0
  - python=3.12.11=h9e4cc4f_0_cpython
  - python_abi=3.12=7_cp312
  - readline=8.2=h8c095d6_2
  - rpsbproc=0.5.0=hd6d6fdc_3
  - samtools=1.22=h96c455f_0
  - seqkit=2.10.0=he881be0_1
  - seqtk=1.5=h577a1d6_1
  - setuptools=80.9.0=pyhff2d567_0
  - starcode=1.4=h7b50bb2_7
  - strobealign=0.16.1=h5ca1c30_0
  - sysroot_linux-64=2.17=h0157908_18
  - tbb=2022.1.0=h4ce085d_0
  - tk=8.6.13=noxft_hd72426e_102
  - tzdata=2025b=h78e105d_0
  - wget=1.21.4=hda4d442_0
  - wheel=0.45.1=pyhd8ed1ab_1
  - zlib=1.3.1=hb9d3cd8_2
  - zstd=1.5.7=hb8e6e7a_2

prefix: "/storage/coda1/p-ktk3/0/nmiller304/miniforge3/envs/bowtiesam"
